14086.7
375.978
16.4715
0.788762
0.0385704
0.00189541
9.32526e-05
4.58926e-06
2.25867e-07
1.11166e-08
5.47135e-10
2.69283e-11
1.32386e-12
6.58865e-14
7.36941e-15
7.35601e-15
7.35601e-15
7.35601e-15
7.35601e-15
7.35601e-15
7.35601e-15
7.35601e-15
7.35601e-15
7.35601e-15
7.35601e-15
7.35601e-15
7.35601e-15
7.35601e-15
7.35601e-15
7.35601e-15
7.35601e-15
7.35601e-15
7.35601e-15
7.35601e-15
7.35601e-15
7.35601e-15
7.35601e-15
7.35601e-15
7.35601e-15
7.35601e-15
7.35601e-15
7.35601e-15
7.35601e-15
7.35601e-15
7.35601e-15
7.35601e-15
7.35601e-15
7.35601e-15
7.35601e-15
7.35601e-15
7.35601e-15
7.35601e-15
7.35601e-15
7.35601e-15
7.35601e-15
7.35601e-15
7.35601e-15
7.35601e-15
7.35601e-15
7.35601e-15
7.35601e-15
7.35601e-15
7.35601e-15
7.35601e-15
7.35601e-15
7.35601e-15
7.35601e-15
7.35601e-15
7.35601e-15
7.35601e-15
7.35601e-15
7.35601e-15
7.35601e-15
7.35601e-15
7.35601e-15
7.35601e-15
7.35601e-15
7.35601e-15
7.35601e-15
7.35601e-15
7.35601e-15
7.35601e-15
7.35601e-15
7.35601e-15
7.35601e-15
7.35601e-15
7.35601e-15
7.35601e-15
7.35601e-15
7.35601e-15
7.35601e-15
7.35601e-15
7.35601e-15
7.35601e-15
7.35601e-15
7.35601e-15
7.35601e-15
7.35601e-15
7.35601e-15
7.35601e-15
