14086.7
7.20752
0.000250088
8.1823e-08
8.62017e-13
4.53292e-15
2.35514e-15
3.03844e-15
1.87756e-15
3.01401e-15
2.21767e-15
3.03844e-15
1.87756e-15
3.01401e-15
2.21767e-15
3.03844e-15
1.87756e-15
3.01401e-15
2.21767e-15
3.03844e-15
1.87756e-15
3.01401e-15
2.21767e-15
3.03844e-15
1.87756e-15
3.01401e-15
2.21767e-15
3.03844e-15
1.87756e-15
3.01401e-15
2.21767e-15
3.03844e-15
1.87756e-15
3.01401e-15
2.21767e-15
3.03844e-15
1.87756e-15
3.01401e-15
2.21767e-15
3.03844e-15
1.87756e-15
3.01401e-15
2.21767e-15
3.03844e-15
1.87756e-15
3.01401e-15
2.21767e-15
3.03844e-15
1.87756e-15
3.01401e-15
2.21767e-15
3.03844e-15
1.87756e-15
3.01401e-15
2.21767e-15
3.03844e-15
1.87756e-15
3.01401e-15
2.21767e-15
3.03844e-15
1.87756e-15
3.01401e-15
2.21767e-15
3.03844e-15
1.87756e-15
3.01401e-15
2.21767e-15
3.03844e-15
1.87756e-15
3.01401e-15
2.21767e-15
3.03844e-15
1.87756e-15
3.01401e-15
2.21767e-15
3.03844e-15
1.87756e-15
3.01401e-15
2.21767e-15
3.03844e-15
1.87756e-15
3.01401e-15
2.21767e-15
3.03844e-15
1.87756e-15
3.01401e-15
2.21767e-15
3.03844e-15
1.87756e-15
3.01401e-15
2.21767e-15
3.03844e-15
1.87756e-15
3.01401e-15
2.21767e-15
3.03844e-15
1.87756e-15
3.01401e-15
2.21767e-15
3.03844e-15
