14086.7
0.00373102
5.4425e-10
6.22319e-15
6.23111e-15
6.23111e-15
6.23111e-15
6.23111e-15
6.23111e-15
6.23111e-15
6.23111e-15
6.23111e-15
6.23111e-15
6.23111e-15
6.23111e-15
6.23111e-15
6.23111e-15
6.23111e-15
6.23111e-15
6.23111e-15
6.23111e-15
6.23111e-15
6.23111e-15
6.23111e-15
6.23111e-15
6.23111e-15
6.23111e-15
6.23111e-15
6.23111e-15
6.23111e-15
6.23111e-15
6.23111e-15
6.23111e-15
6.23111e-15
6.23111e-15
6.23111e-15
6.23111e-15
6.23111e-15
6.23111e-15
6.23111e-15
6.23111e-15
6.23111e-15
6.23111e-15
6.23111e-15
6.23111e-15
6.23111e-15
6.23111e-15
6.23111e-15
6.23111e-15
6.23111e-15
6.23111e-15
6.23111e-15
6.23111e-15
6.23111e-15
6.23111e-15
6.23111e-15
6.23111e-15
6.23111e-15
6.23111e-15
6.23111e-15
6.23111e-15
6.23111e-15
6.23111e-15
6.23111e-15
6.23111e-15
6.23111e-15
6.23111e-15
6.23111e-15
6.23111e-15
6.23111e-15
6.23111e-15
6.23111e-15
6.23111e-15
6.23111e-15
6.23111e-15
6.23111e-15
6.23111e-15
6.23111e-15
6.23111e-15
6.23111e-15
6.23111e-15
6.23111e-15
6.23111e-15
6.23111e-15
6.23111e-15
6.23111e-15
6.23111e-15
6.23111e-15
6.23111e-15
6.23111e-15
6.23111e-15
6.23111e-15
6.23111e-15
6.23111e-15
6.23111e-15
6.23111e-15
6.23111e-15
6.23111e-15
6.23111e-15
6.23111e-15
