14086.7
76.2354
0.919877
0.0113604
0.000140411
1.73548e-06
2.14506e-08
2.65129e-10
3.2762e-12
4.14684e-14
5.87894e-15
5.75712e-15
5.70119e-15
5.94151e-15
5.66649e-15
5.79128e-15
5.86215e-15
5.75712e-15
5.70119e-15
5.94151e-15
5.66649e-15
5.79128e-15
5.86215e-15
5.75712e-15
5.70119e-15
5.94151e-15
5.66649e-15
5.79128e-15
5.86215e-15
5.75712e-15
5.70119e-15
5.94151e-15
5.66649e-15
5.79128e-15
5.86215e-15
5.75712e-15
5.70119e-15
5.94151e-15
5.66649e-15
5.79128e-15
5.86215e-15
5.75712e-15
5.70119e-15
5.94151e-15
5.66649e-15
5.79128e-15
5.86215e-15
5.75712e-15
5.70119e-15
5.94151e-15
5.66649e-15
5.79128e-15
5.86215e-15
5.75712e-15
5.70119e-15
5.94151e-15
5.66649e-15
5.79128e-15
5.86215e-15
5.75712e-15
5.70119e-15
5.94151e-15
5.66649e-15
5.79128e-15
5.86215e-15
5.75712e-15
5.70119e-15
5.94151e-15
5.66649e-15
5.79128e-15
5.86215e-15
5.75712e-15
5.70119e-15
5.94151e-15
5.66649e-15
5.79128e-15
5.86215e-15
5.75712e-15
5.70119e-15
5.94151e-15
5.66649e-15
5.79128e-15
5.86215e-15
5.75712e-15
5.70119e-15
5.94151e-15
5.66649e-15
5.79128e-15
5.86215e-15
5.75712e-15
5.70119e-15
5.94151e-15
5.66649e-15
5.79128e-15
5.86215e-15
5.75712e-15
5.70119e-15
5.94151e-15
5.66649e-15
5.79128e-15
