59
66
72
78
85
92
100
108
115
123
133
144
151
160
170
180
203
244
213
223
237
247
258
272
283
298
311
326
379
356
367
381
453
417
428
472
464
482
492
534
598
555
592
632
606
623
651
666
686
707
729
841
771
799
800
880
858
922
893
911
934
980
981
1044
1052
1111
1214
1113
1142
1164
1189
1232
1258
1306
1359
1393
1364
1381
1446
1600
1478
1541
1626
1623
1600
1612
1670
1900
1774
1787
1770
1830
1858
1970
1971
2030
1967
2010
2110
2078
2159
2149
2201
2256
2286
2318
2368
2422
2420
2435
2481
2588
2596
2664
2671
2769
2744
2751
2849
2854
2930
2942
3043
3033
3063
3135
3137
3222
3236
3305
3338
3359
3420
3474
3498
3545
3582
3687
3744
3753
3852
3922
3911
3928
3935
4040
4171
4139
4208
4273
4240
4376
4345
4433
4521
4547
4589
4621
4664
4737
4789
4874
4951
4951
4970
5063
5066
5175
5291
5338
5471
5392
5467
5540
5643
5689
5710
5785
5783
5853
5933
5970
5995
6149
6118
6277
6282
6421
6397
6511
6529
6553
6641
6661
6731
6872
6912
7068
7104
7071
7201
7241
7313
7411
7531
7486
7812
7765
7667
7781
7884
7944
8000
18609
9592
8577
12476
12245
9349
8794
12682
11936
10567
11903
13852
11988
9334
9820
9950
9367
9377
9405
42721
18932
9562
9844
9802
14494
9785
10029
13386
10204
10325
21650
30036
25513
10726
10695
13061
10861
10918
10881
11122
11591
11118
28660
24853
11263
11610
11601
11690
11750
11735
11824
11921
12010
12101
12194
12293
12258
12421
12468
12566
12656
12718
12914
13335
13117
13155
13191
13219
13390
21252
13611
13702
13708
13845
13931
14046
14065
14743
14336
14403
14493
14969
14808
14899
15343
14953
14993
15086
