0
0
0
1
1
1
1
1
1
1
2
1
2
2
2
2
2
2
2
2
2
1
1
1
2
2
2
2
2
2
3
2
2
3
2
3
3
3
3
3
3
8
3
3
3
3
3
3
3
3
3
3
3
3
3
4
3
3
3
3
3
3
3
3
4
3
4
4
4
4
4
4
4
4
4
4
4
5
4
4
4
4
4
4
4
4
4
4
4
5
4
5
4
5
5
5
5
5
5
5
6
6
5
5
6
5
6
5
5
6
6
6
6
6
6
6
6
6
6
6
6
6
6
6
7
6
6
6
6
6
7
7
7
7
6
7
7
7
7
7
7
7
14
7
7
7
7
7
7
8
7
8
8
8
8
8
8
9
8
8
8
8
8
8
8
9
8
9
10
9
8
9
9
8
8
8
9
9
9
8
8
8
8
9
9
8
12
9
9
9
9
9
9
9
9
9
9
9
9
9
9
9
9
10
10
9
10
10
10
9
9
9
10
18
16
10
11
12
12
10
11
17
19
17
19
12
12
11
12
12
11
18
28
20
11
11
11
17
11
19
13
11
11
22
23
25
11
40
12
12
17
11
12
12
11
27
24
11
12
11
11
11
12
11
12
12
12
12
12
11
12
12
12
12
12
12
12
12
12
12
12
12
20
13
12
13
12
13
12
13
16
12
13
12
13
13
13
13
12
13
13
