59
65
71
79
85
92
110
107
119
123
133
142
151
164
169
182
191
203
212
224
235
247
259
272
294
297
311
324
340
354
409
386
396
414
429
536
463
480
503
511
528
1257
565
585
603
625
636
662
703
697
734
746
762
791
805
828
848
870
890
934
948
958
1013
1024
1040
1073
1090
1118
1139
1170
1185
1219
1271
1274
1301
1343
1355
1372
1402
1437
1465
1505
1526
1614
1584
1658
1671
1684
1735
1811
1784
1814
1846
1886
1920
1959
1974
2020
2056
2089
2208
2161
2210
2291
2308
2291
2326
2409
2392
2467
2523
2570
2585
2620
2637
2676
2708
2782
2815
2861
2862
2964
2976
3005
3061
3105
3110
3182
3240
3265
3317
3368
3460
3460
3516
3537
3603
3643
3681
3806
3776
3823
3887
3944
4021
4063
4125
4112
4153
4197
4251
4349
4349
4443
4533
4574
4652
4582
4802
4712
4775
4886
4869
4922
5001
5036
5157
5125
5310
5370
5290
5405
5400
5561
5518
5570
5681
5703
5761
5841
5894
5920
5976
6181
6144
6314
6295
6380
6393
6439
6469
6576
6632
6838
6897
6813
6858
7054
7033
7123
7228
7283
7287
7357
7479
7501
7869
7703
7644
7773
7811
7906
8018
13247
13033
8721
9542
8426
9191
8939
9028
10576
14313
13632
11110
11453
9350
9744
10813
10168
9438
10714
40297
19061
9527
9759
9748
11599
9860
13988
14376
10149
10308
22072
29387
25481
10885
11199
13462
10846
11832
11468
11258
12196
11120
28630
24925
11316
13528
11533
11592
11667
11690
11852
11916
12007
12106
12272
12253
12280
12436
12486
12572
12629
12749
12844
12918
12986
13108
13227
13260
13352
20885
13585
13588
13690
13795
13884
13943
14154
14320
14329
14353
14484
14952
14677
14708
15039
14879
14983
15106
