88
97
106
117
126
137
149
164
172
184
197
220
223
238
252
267
284
298
315
331
348
365
387
406
440
440
461
480
504
539
542
566
585
625
632
658
681
704
753
825
781
806
846
886
891
933
967
973
1017
1049
1089
1093
1121
1174
1203
1217
1274
1278
1331
1352
1406
1419
1511
1485
1526
1559
1595
1637
1737
1748
1820
1794
1883
1882
1966
1947
2017
2062
2078
2133
2182
2322
2275
2292
2347
2401
2448
2508
2520
2564
2642
2713
2720
2810
2823
2885
2961
2984
3007
3082
3167
3175
3222
3279
3358
3410
3454
3527
3587
3627
3783
3698
3787
3838
3935
3965
4093
4174
4144
4174
4258
4306
4393
4488
4518
4548
4646
4691
4796
4853
4909
5003
5038
5101
5171
5244
5304
5355
5431
5487
5570
5631
5691
5765
5852
5999
5964
6073
6125
6363
6453
6481
6586
6557
6618
6692
6734
6957
6868
7107
7076
7130
7237
7324
7422
7460
7563
7651
7833
7888
7996
7922
8180
8097
8238
8370
8394
8443
8567
8596
8694
8829
8922
9073
9035
9251
9359
9375
9490
9529
9599
9701
9808
9919
9995
10189
10158
10221
10365
10452
10500
10625
10762
10801
10965
10976
11270
11315
11339
11383
11490
11569
11899
21690
19467
12806
14461
14103
13724
13259
13078
15868
22668
18758
18375
17106
13622
14450
14972
14130
13751
13856
63424
27858
14173
14445
14255
18385
14487
18392
23580
15028
15236
32428
41704
37137
16830
16307
24333
15979
16163
16622
16286
17916
16374
42291
36594
16768
17105
17216
17055
17212
17332
17405
17571
17943
17965
18073
18111
18214
18503
18614
18731
18930
19063
19071
19259
19578
19516
19625
19770
19908
33882
20215
20423
20481
20593
20886
20866
21036
30801
21416
21414
21530
21813
21817
22115
30084
22745
22337
22523
